Angle	RealHeight	Ref. Height	Distortion
0	0	0	0
0.1	0.0019	0.0019	-0.0001
0.2	0.0039	0.0039	-0.0003
0.3	0.0058	0.0058	-0.0007
0.4	0.0077	0.0077	-0.0013
0.5	0.0097	0.0097	-0.002
0.6	0.0116	0.0116	-0.0029
0.7	0.0135	0.0135	-0.0039
0.8	0.0155	0.0155	-0.0051
0.9	0.0174	0.0174	-0.0064
1	0.0193	0.0193	-0.008
1.1	0.0213	0.0213	-0.0096
1.2	0.0232	0.0232	-0.0115
1.3	0.0252	0.0252	-0.0134
1.4	0.0271	0.0271	-0.0156
1.5	0.029	0.029	-0.0179
1.6	0.031	0.031	-0.0204
1.7	0.0329	0.0329	-0.023
1.8	0.0348	0.0348	-0.0258
1.9	0.0368	0.0368	-0.0287
2	0.0387	0.0387	-0.0318
2.1	0.0406	0.0406	-0.0351
2.2	0.0426	0.0426	-0.0385
2.3	0.0445	0.0445	-0.0421
2.4	0.0464	0.0465	-0.0458
2.5	0.0484	0.0484	-0.0497
2.6	0.0503	0.0503	-0.0538
2.7	0.0522	0.0523	-0.058
2.8	0.0542	0.0542	-0.0624
2.9	0.0561	0.0562	-0.0669
3	0.0581	0.0581	-0.0716
3.1	0.06	0.06	-0.0765
3.2	0.0619	0.062	-0.0815
3.3	0.0639	0.0639	-0.0867
3.4	0.0658	0.0659	-0.092
3.5	0.0677	0.0678	-0.0975
3.6	0.0697	0.0697	-0.1032
3.7	0.0716	0.0717	-0.109
3.8	0.0735	0.0736	-0.115
3.9	0.0755	0.0756	-0.1211
4	0.0774	0.0775	-0.1274
4.1	0.0794	0.0795	-0.1339
4.2	0.0813	0.0814	-0.1405
4.3	0.0832	0.0833	-0.1473
4.4	0.0852	0.0853	-0.1542
4.5	0.0871	0.0872	-0.1613
4.6	0.089	0.0892	-0.1686
4.7	0.091	0.0911	-0.176
4.8	0.0929	0.0931	-0.1836
4.9	0.0949	0.095	-0.1913
5	0.0968	0.097	-0.1992
5.1	0.0987	0.0989	-0.2073
5.2	0.1007	0.1009	-0.2155
5.3	0.1026	0.1028	-0.2239
5.4	0.1045	0.1048	-0.2325
5.5	0.1065	0.1067	-0.2412
5.6	0.1084	0.1087	-0.2501
5.7	0.1104	0.1106	-0.2591
5.8	0.1123	0.1126	-0.2683
5.9	0.1142	0.1146	-0.2777
6	0.1162	0.1165	-0.2872
6.1	0.1181	0.1185	-0.2969
6.2	0.1201	0.1204	-0.3067
6.3	0.122	0.1224	-0.3167
6.4	0.1239	0.1243	-0.3269
6.5	0.1259	0.1263	-0.3372
6.6	0.1278	0.1283	-0.3477
6.7	0.1298	0.1302	-0.3584
6.8	0.1317	0.1322	-0.3692
6.9	0.1336	0.1341	-0.3802
7	0.1356	0.1361	-0.3913
7.1	0.1375	0.1381	-0.4026
7.2	0.1395	0.14	-0.4141
7.3	0.1414	0.142	-0.4257
7.4	0.1433	0.144	-0.4375
7.5	0.1453	0.1459	-0.4495
7.6	0.1472	0.1479	-0.4616
7.7	0.1492	0.1499	-0.4739
7.8	0.1511	0.1518	-0.4864
7.9	0.1531	0.1538	-0.499
8	0.155	0.1558	-0.5117
8.1	0.1569	0.1578	-0.5247
8.2	0.1589	0.1597	-0.5378
8.3	0.1608	0.1617	-0.5511
8.4	0.1628	0.1637	-0.5645
8.5	0.1647	0.1657	-0.5781
8.6	0.1667	0.1676	-0.5919
8.7	0.1686	0.1696	-0.6058
8.8	0.1705	0.1716	-0.6199
8.9	0.1725	0.1736	-0.6342
9	0.1744	0.1756	-0.6486
9.1	0.1764	0.1776	-0.6632
9.2	0.1783	0.1795	-0.678
9.3	0.1803	0.1815	-0.6929
9.4	0.1822	0.1835	-0.708
9.5	0.1842	0.1855	-0.7232
9.6	0.1861	0.1875	-0.7387
9.7	0.1881	0.1895	-0.7543
9.8	0.19	0.1915	-0.77
9.9	0.1919	0.1935	-0.7859
10	0.1939	0.1955	-0.802
10.1	0.1958	0.1975	-0.8183
10.2	0.1978	0.1995	-0.8347
10.3	0.1997	0.2014	-0.8513
10.4	0.2017	0.2034	-0.8681
10.5	0.2036	0.2054	-0.885
10.6	0.2056	0.2075	-0.9021
10.7	0.2075	0.2095	-0.9194
10.8	0.2095	0.2115	-0.9368
10.9	0.2114	0.2135	-0.9544
11	0.2134	0.2155	-0.9722
11.1	0.2153	0.2175	-0.9901
11.2	0.2173	0.2195	-1.0082
11.3	0.2192	0.2215	-1.0265
11.4	0.2212	0.2235	-1.0449
11.5	0.2231	0.2255	-1.0635
11.6	0.2251	0.2275	-1.0823
11.7	0.227	0.2296	-1.1013
11.8	0.229	0.2316	-1.1204
11.9	0.2309	0.2336	-1.1397
12	0.2329	0.2356	-1.1592
12.1	0.2348	0.2376	-1.1788
12.2	0.2368	0.2397	-1.1986
12.3	0.2387	0.2417	-1.2186
12.4	0.2407	0.2437	-1.2387
12.5	0.2427	0.2457	-1.259
12.6	0.2446	0.2478	-1.2795
12.7	0.2466	0.2498	-1.3002
12.8	0.2485	0.2518	-1.321
12.9	0.2505	0.2539	-1.342
13	0.2524	0.2559	-1.3632
13.1	0.2544	0.258	-1.3845
13.2	0.2563	0.26	-1.4061
13.3	0.2583	0.262	-1.4278
13.4	0.2603	0.2641	-1.4496
13.5	0.2622	0.2661	-1.4717
13.6	0.2642	0.2682	-1.4939
13.7	0.2661	0.2702	-1.5163
13.8	0.2681	0.2723	-1.5388
13.9	0.27	0.2743	-1.5616
14	0.272	0.2764	-1.5845
14.1	0.274	0.2784	-1.6075
14.2	0.2759	0.2805	-1.6308
14.3	0.2779	0.2826	-1.6542
14.4	0.2798	0.2846	-1.6778
14.5	0.2818	0.2867	-1.7016
14.6	0.2838	0.2887	-1.7256
14.7	0.2857	0.2908	-1.7497
14.8	0.2877	0.2929	-1.774
14.9	0.2896	0.295	-1.7985
15	0.2916	0.297	-1.8232
15.1	0.2936	0.2991	-1.848
15.2	0.2955	0.3012	-1.873
15.3	0.2975	0.3033	-1.8982
15.4	0.2995	0.3053	-1.9236
15.5	0.3014	0.3074	-1.9491
15.6	0.3034	0.3095	-1.9748
15.7	0.3054	0.3116	-2.0007
15.8	0.3073	0.3137	-2.0268
15.9	0.3093	0.3158	-2.0531
16	0.3112	0.3179	-2.0795
16.1	0.3132	0.32	-2.1061
16.2	0.3152	0.3221	-2.1329
16.3	0.3171	0.3241	-2.1599
16.4	0.3191	0.3263	-2.187
16.5	0.3211	0.3284	-2.2143
16.6	0.3231	0.3305	-2.2418
16.7	0.325	0.3326	-2.2695
16.8	0.327	0.3347	-2.2974
16.9	0.329	0.3368	-2.3254
17	0.3309	0.3389	-2.3537
17.1	0.3329	0.341	-2.3821
17.2	0.3349	0.3431	-2.4107
17.3	0.3368	0.3453	-2.4394
17.4	0.3388	0.3474	-2.4684
17.5	0.3408	0.3495	-2.4975
17.6	0.3428	0.3516	-2.5269
17.7	0.3447	0.3538	-2.5564
17.8	0.3467	0.3559	-2.586
17.9	0.3487	0.358	-2.6159
18	0.3506	0.3602	-2.6459
18.1	0.3526	0.3623	-2.6762
18.2	0.3546	0.3645	-2.7066
18.3	0.3566	0.3666	-2.7372
18.4	0.3585	0.3688	-2.768
18.5	0.3605	0.3709	-2.7989
18.6	0.3625	0.3731	-2.8301
18.7	0.3645	0.3752	-2.8614
18.8	0.3664	0.3774	-2.893
18.9	0.3684	0.3795	-2.9247
19	0.3704	0.3817	-2.9566
19.1	0.3724	0.3839	-2.9886
19.2	0.3744	0.386	-3.0209
19.3	0.3763	0.3882	-3.0533
19.4	0.3783	0.3904	-3.086
19.5	0.3803	0.3925	-3.1188
19.6	0.3823	0.3947	-3.1518
19.7	0.3843	0.3969	-3.185
19.8	0.3862	0.3991	-3.2184
19.9	0.3882	0.4013	-3.252
20	0.3902	0.4035	-3.2857
20.1	0.3922	0.4057	-3.3197
20.2	0.3942	0.4079	-3.3538
20.3	0.3962	0.41	-3.3882
20.4	0.3981	0.4122	-3.4227
20.5	0.4001	0.4145	-3.4574
20.6	0.4021	0.4167	-3.4923
20.7	0.4041	0.4189	-3.5274
20.8	0.4061	0.4211	-3.5626
20.9	0.4081	0.4233	-3.5981
21	0.4101	0.4255	-3.6338
21.1	0.412	0.4277	-3.6696
21.2	0.414	0.43	-3.7057
21.3	0.416	0.4322	-3.7419
21.4	0.418	0.4344	-3.7783
21.5	0.42	0.4367	-3.8149
21.6	0.422	0.4389	-3.8517
21.7	0.424	0.4411	-3.8887
21.8	0.426	0.4434	-3.9259
21.9	0.428	0.4456	-3.9633
22	0.4299	0.4479	-4.0009
22.1	0.4319	0.4501	-4.0387
22.2	0.4339	0.4524	-4.0767
22.3	0.4359	0.4546	-4.1148
22.4	0.4379	0.4569	-4.1532
22.5	0.4399	0.4592	-4.1917
22.6	0.4419	0.4614	-4.2305
22.7	0.4439	0.4637	-4.2694
22.8	0.4459	0.466	-4.3086
22.9	0.4479	0.4683	-4.3479
23	0.4499	0.4705	-4.3874
23.1	0.4519	0.4728	-4.4272
23.2	0.4539	0.4751	-4.4671
23.3	0.4559	0.4774	-4.5072
23.4	0.4579	0.4797	-4.5476
23.5	0.4599	0.482	-4.5881
23.6	0.4619	0.4843	-4.6288
23.7	0.4639	0.4866	-4.6697
23.8	0.4659	0.4889	-4.7108
23.9	0.4679	0.4912	-4.7522
24	0.4699	0.4935	-4.7937
24.1	0.4719	0.4959	-4.8354
24.2	0.4739	0.4982	-4.8773
24.3	0.4759	0.5005	-4.9194
24.4	0.4779	0.5028	-4.9617
24.5	0.4799	0.5052	-5.0043
24.6	0.4819	0.5075	-5.047
24.7	0.4839	0.5099	-5.0899
24.8	0.4859	0.5122	-5.133
24.9	0.4879	0.5146	-5.1763
25	0.4899	0.5169	-5.2199
25.1	0.4919	0.5193	-5.2636
25.2	0.4939	0.5216	-5.3075
25.3	0.4959	0.524	-5.3517
25.4	0.498	0.5264	-5.396
25.5	0.5	0.5287	-5.4406
25.6	0.502	0.5311	-5.4853
25.7	0.504	0.5335	-5.5303
25.8	0.506	0.5359	-5.5754
25.9	0.508	0.5383	-5.6208
26	0.51	0.5407	-5.6664
26.1	0.512	0.5431	-5.7121
26.2	0.514	0.5455	-5.7581
26.3	0.5161	0.5479	-5.8043
26.4	0.5181	0.5503	-5.8507
26.5	0.5201	0.5527	-5.8973
26.6	0.5221	0.5551	-5.9441
26.7	0.5241	0.5575	-5.9912
26.8	0.5261	0.5599	-6.0384
26.9	0.5282	0.5624	-6.0858
27	0.5302	0.5648	-6.1335
27.1	0.5322	0.5673	-6.1813
27.2	0.5342	0.5697	-6.2294
27.3	0.5362	0.5721	-6.2777
27.4	0.5382	0.5746	-6.3262
27.5	0.5403	0.5771	-6.3749
27.6	0.5423	0.5795	-6.4238
27.7	0.5443	0.582	-6.4729
27.8	0.5463	0.5844	-6.5222
27.9	0.5484	0.5869	-6.5718
28	0.5504	0.5894	-6.6215
28.1	0.5524	0.5919	-6.6715
28.2	0.5544	0.5944	-6.7217
28.3	0.5564	0.5969	-6.7721
28.4	0.5585	0.5994	-6.8227
28.5	0.5605	0.6019	-6.8735
28.6	0.5625	0.6044	-6.9246
28.7	0.5646	0.6069	-6.9758
28.8	0.5666	0.6094	-7.0273
28.9	0.5686	0.6119	-7.079
29	0.5706	0.6145	-7.1309
29.1	0.5727	0.617	-7.183
29.2	0.5747	0.6195	-7.2354
29.3	0.5767	0.6221	-7.2879
29.4	0.5788	0.6246	-7.3407
29.5	0.5808	0.6272	-7.3937
29.6	0.5828	0.6297	-7.4469
29.7	0.5849	0.6323	-7.5003
29.8	0.5869	0.6348	-7.554
29.9	0.5889	0.6374	-7.6078
30	0.591	0.64	-7.6619
30.1	0.593	0.6426	-7.7162
30.2	0.595	0.6452	-7.7708
30.3	0.5971	0.6478	-7.8255
30.4	0.5991	0.6504	-7.8805
30.5	0.6011	0.653	-7.9357
30.6	0.6032	0.6556	-7.9911
30.7	0.6052	0.6582	-8.0467
30.8	0.6073	0.6608	-8.1026
30.9	0.6093	0.6634	-8.1587
31	0.6113	0.6661	-8.215
31.1	0.6134	0.6687	-8.2715
31.2	0.6154	0.6713	-8.3283
31.3	0.6175	0.674	-8.3852
31.4	0.6195	0.6766	-8.4424
31.5	0.6216	0.6793	-8.4999
31.6	0.6236	0.682	-8.5575
31.7	0.6256	0.6846	-8.6154
31.8	0.6277	0.6873	-8.6735
31.9	0.6297	0.69	-8.7319
32	0.6318	0.6927	-8.7904
32.1	0.6338	0.6954	-8.8492
32.2	0.6359	0.6981	-8.9082
32.3	0.6379	0.7008	-8.9675
32.4	0.64	0.7035	-9.027
32.5	0.642	0.7062	-9.0867
32.6	0.6441	0.7089	-9.1466
32.7	0.6461	0.7116	-9.2068
32.8	0.6482	0.7144	-9.2672
32.9	0.6502	0.7171	-9.3278
33	0.6523	0.7199	-9.3887
33.1	0.6543	0.7226	-9.4498
33.2	0.6564	0.7254	-9.5111
33.3	0.6584	0.7282	-9.5727
33.4	0.6605	0.7309	-9.6345
33.5	0.6626	0.7337	-9.6965
33.6	0.6646	0.7365	-9.7588
33.7	0.6667	0.7393	-9.8213
33.8	0.6687	0.7421	-9.8841
33.9	0.6708	0.7449	-9.947
34	0.6728	0.7477	-10.0102
34.1	0.6749	0.7505	-10.0737
34.2	0.677	0.7533	-10.1374
34.3	0.679	0.7562	-10.2013
34.4	0.6811	0.759	-10.2655
34.5	0.6832	0.7619	-10.3299
34.6	0.6852	0.7647	-10.3945
34.7	0.6873	0.7676	-10.4594
34.8	0.6893	0.7704	-10.5245
34.9	0.6914	0.7733	-10.5899
35	0.6935	0.7762	-10.6555
35.1	0.6955	0.7791	-10.7213
35.2	0.6976	0.782	-10.7874
35.3	0.6997	0.7849	-10.8537
35.4	0.7017	0.7878	-10.9203
35.5	0.7038	0.7907	-10.9871
35.6	0.7059	0.7936	-11.0542
35.7	0.708	0.7965	-11.1215
35.8	0.71	0.7995	-11.189
35.9	0.7121	0.8024	-11.2568
36	0.7142	0.8054	-11.3248
36.1	0.7162	0.8083	-11.3931
36.2	0.7183	0.8113	-11.4617
36.3	0.7204	0.8143	-11.5304
36.4	0.7225	0.8173	-11.5995
36.5	0.7245	0.8203	-11.6687
36.6	0.7266	0.8232	-11.7383
36.7	0.7287	0.8263	-11.808
36.8	0.7308	0.8293	-11.8781
36.9	0.7328	0.8323	-11.9483
37	0.7349	0.8353	-12.0189
37.1	0.737	0.8384	-12.0896
37.2	0.7391	0.8414	-12.1607
37.3	0.7412	0.8445	-12.2319
37.4	0.7432	0.8475	-12.3035
37.5	0.7453	0.8506	-12.3752
37.6	0.7474	0.8537	-12.4473
37.7	0.7495	0.8567	-12.5196
37.8	0.7516	0.8598	-12.5921
37.9	0.7537	0.8629	-12.6649
38	0.7557	0.8661	-12.738
38.1	0.7578	0.8692	-12.8113
38.2	0.7599	0.8723	-12.8849
38.3	0.762	0.8754	-12.9587
38.4	0.7641	0.8786	-13.0328
38.5	0.7662	0.8817	-13.1072
38.6	0.7683	0.8849	-13.1818
38.7	0.7704	0.8881	-13.2566
38.8	0.7724	0.8913	-13.3318
38.9	0.7745	0.8945	-13.4071
39	0.7766	0.8976	-13.4828
39.1	0.7787	0.9009	-13.5587
39.2	0.7808	0.9041	-13.6349
39.3	0.7829	0.9073	-13.7113
39.4	0.785	0.9105	-13.788
39.5	0.7871	0.9138	-13.865
39.6	0.7892	0.917	-13.9422
39.7	0.7913	0.9203	-14.0197
39.8	0.7934	0.9236	-14.0975
39.9	0.7955	0.9269	-14.1755
40	0.7976	0.9301	-14.2538
40.1	0.7997	0.9334	-14.3324
40.2	0.8018	0.9368	-14.4112
40.3	0.8039	0.9401	-14.4903
40.4	0.806	0.9434	-14.5697
40.5	0.8081	0.9468	-14.6493
40.6	0.8102	0.9501	-14.7292
40.7	0.8123	0.9535	-14.8094
40.8	0.8144	0.9568	-14.8899
40.9	0.8165	0.9602	-14.9706
41	0.8186	0.9636	-15.0516
41.1	0.8207	0.967	-15.1329
41.2	0.8228	0.9704	-15.2144
41.3	0.8249	0.9738	-15.2963
41.4	0.827	0.9773	-15.3784
41.5	0.8291	0.9807	-15.4607
41.6	0.8312	0.9842	-15.5434
41.7	0.8333	0.9876	-15.6263
41.8	0.8354	0.9911	-15.7095
41.9	0.8375	0.9946	-15.793
42	0.8396	0.9981	-15.8768
42.1	0.8417	1.0016	-15.9608
42.2	0.8439	1.0051	-16.0451
42.3	0.846	1.0087	-16.1297
42.4	0.8481	1.0122	-16.2146
42.5	0.8502	1.0158	-16.2998
42.6	0.8523	1.0193	-16.3853
42.7	0.8544	1.0229	-16.471
42.8	0.8565	1.0265	-16.557
42.9	0.8586	1.0301	-16.6433
43	0.8608	1.0337	-16.7299
43.1	0.8629	1.0373	-16.8168
43.2	0.865	1.041	-16.904
43.3	0.8671	1.0446	-16.9914
43.4	0.8692	1.0483	-17.0792
43.5	0.8713	1.0519	-17.1672
43.6	0.8735	1.0556	-17.2555
43.7	0.8756	1.0593	-17.3441
43.8	0.8777	1.063	-17.433
43.9	0.8798	1.0667	-17.5222
44	0.8819	1.0705	-17.6117
44.1	0.8841	1.0742	-17.7015
44.2	0.8862	1.078	-17.7915
44.3	0.8883	1.0817	-17.8819
44.4	0.8904	1.0855	-17.9725
44.5	0.8926	1.0893	-18.0635
44.6	0.8947	1.0931	-18.1547
44.7	0.8968	1.097	-18.2463
44.8	0.8989	1.1008	-18.3381
44.9	0.9011	1.1046	-18.4303
45	0.9032	1.1085	-18.5227
45.1	0.9053	1.1124	-18.6154
45.2	0.9074	1.1163	-18.7085
45.3	0.9096	1.1202	-18.8018
45.4	0.9117	1.1241	-18.8955
45.5	0.9138	1.128	-18.9894
45.6	0.9159	1.132	-19.0837
45.7	0.9181	1.1359	-19.1782
45.8	0.9202	1.1399	-19.2731
45.9	0.9223	1.1439	-19.3682
46	0.9245	1.1479	-19.4637
46.1	0.9266	1.1519	-19.5595
46.2	0.9287	1.1559	-19.6555
46.3	0.9309	1.16	-19.7519
46.4	0.933	1.164	-19.8486
46.5	0.9351	1.1681	-19.9456
46.6	0.9373	1.1722	-20.0429
46.7	0.9394	1.1763	-20.1405
46.8	0.9415	1.1804	-20.2385
46.9	0.9437	1.1846	-20.3367
47	0.9458	1.1887	-20.4353
47.1	0.9479	1.1929	-20.5342
47.2	0.9501	1.1971	-20.6333
47.3	0.9522	1.2013	-20.7328
47.4	0.9544	1.2055	-20.8327
47.5	0.9565	1.2097	-20.9328
47.6	0.9586	1.214	-21.0332
47.7	0.9608	1.2182	-21.134
47.8	0.9629	1.2225	-21.2351
47.9	0.965	1.2268	-21.3365
48	0.9672	1.2311	-21.4382
48.1	0.9693	1.2354	-21.5403
48.2	0.9715	1.2398	-21.6426
48.3	0.9736	1.2442	-21.7453
48.4	0.9758	1.2485	-21.8483
48.5	0.9779	1.2529	-21.9517
48.6	0.98	1.2574	-22.0553
48.7	0.9822	1.2618	-22.1593
48.8	0.9843	1.2662	-22.2636
48.9	0.9865	1.2707	-22.3682
49	0.9886	1.2752	-22.4732
49.1	0.9908	1.2797	-22.5785
49.2	0.9929	1.2842	-22.6841
49.3	0.995	1.2888	-22.79
49.4	0.9972	1.2933	-22.8963
49.5	0.9993	1.2979	-23.0029
49.6	1.0015	1.3025	-23.1099
49.7	1.0036	1.3071	-23.2171
49.8	1.0058	1.3117	-23.3247
49.9	1.0079	1.3164	-23.4327
50	1.0101	1.3211	-23.5409
50.1	1.0122	1.3258	-23.6495
50.2	1.0144	1.3305	-23.7585
50.3	1.0165	1.3352	-23.8678
50.4	1.0187	1.34	-23.9774
50.5	1.0208	1.3447	-24.0873
50.6	1.023	1.3495	-24.1976
50.7	1.0251	1.3543	-24.3082
50.8	1.0273	1.3592	-24.4192
50.9	1.0294	1.364	-24.5305
51	1.0316	1.3689	-24.6422
51.1	1.0337	1.3738	-24.7542
51.2	1.0359	1.3787	-24.8665
51.3	1.038	1.3836	-24.9792
51.4	1.0402	1.3886	-25.0922
51.5	1.0423	1.3936	-25.2056
51.6	1.0445	1.3986	-25.3193
51.7	1.0466	1.4036	-25.4334
51.8	1.0488	1.4087	-25.5478
51.9	1.0509	1.4137	-25.6625
52	1.0531	1.4188	-25.7776
52.1	1.0552	1.4239	-25.8931
52.2	1.0574	1.4291	-26.0089
52.3	1.0595	1.4342	-26.1251
52.4	1.0617	1.4394	-26.2416
52.5	1.0638	1.4446	-26.3585
52.6	1.066	1.4499	-26.4757
52.7	1.0682	1.4551	-26.5932
52.8	1.0703	1.4604	-26.7112
52.9	1.0725	1.4657	-26.8294
53	1.0746	1.471	-26.9481
53.1	1.0768	1.4764	-27.0671
53.2	1.0789	1.4818	-27.1864
53.3	1.0811	1.4872	-27.3061
53.4	1.0832	1.4926	-27.4262
53.5	1.0854	1.4981	-27.5466
53.6	1.0875	1.5035	-27.6674
53.7	1.0897	1.509	-27.7886
53.8	1.0919	1.5146	-27.9101
53.9	1.094	1.5201	-28.032
54	1.0962	1.5257	-28.1542
54.1	1.0983	1.5313	-28.2768
54.2	1.1005	1.537	-28.3998
54.3	1.1026	1.5426	-28.5231
54.4	1.1048	1.5483	-28.6468
54.5	1.1069	1.5541	-28.7709
54.6	1.1091	1.5598	-28.8953
54.7	1.1113	1.5656	-29.0202
54.8	1.1134	1.5714	-29.1453
54.9	1.1156	1.5772	-29.2709
55	1.1177	1.5831	-29.3968
55.1	1.1199	1.589	-29.5231
55.2	1.122	1.5949	-29.6497
55.3	1.1242	1.6009	-29.7768
55.4	1.1263	1.6069	-29.9042
55.5	1.1285	1.6129	-30.032
55.6	1.1307	1.6189	-30.1601
55.7	1.1328	1.625	-30.2886
55.8	1.135	1.6311	-30.4176
55.9	1.1371	1.6373	-30.5468
56	1.1393	1.6434	-30.6765
56.1	1.1414	1.6496	-30.8065
56.2	1.1436	1.6559	-30.937
56.3	1.1457	1.6621	-31.0678
56.4	1.1479	1.6684	-31.199
56.5	1.1501	1.6748	-31.3305
56.6	1.1522	1.6811	-31.4625
56.7	1.1544	1.6875	-31.5948
56.8	1.1565	1.694	-31.7275
56.9	1.1587	1.7004	-31.8606
57	1.1608	1.7069	-31.9941
57.1	1.163	1.7135	-32.1279
57.2	1.1651	1.7201	-32.2622
57.3	1.1673	1.7267	-32.3968
57.4	1.1694	1.7333	-32.5319
57.5	1.1716	1.74	-32.6673
57.6	1.1737	1.7467	-32.8031
57.7	1.1759	1.7535	-32.9393
57.8	1.178	1.7603	-33.0759
57.9	1.1802	1.7671	-33.2128
58	1.1824	1.774	-33.3502
58.1	1.1845	1.7809	-33.488
58.2	1.1867	1.7878	-33.6261
58.3	1.1888	1.7948	-33.7647
58.4	1.191	1.8018	-33.9036
58.5	1.1931	1.8089	-34.043
58.6	1.1953	1.816	-34.1827
58.7	1.1974	1.8232	-34.3228
58.8	1.1996	1.8304	-34.4633
58.9	1.2017	1.8376	-34.6043
59	1.2039	1.8449	-34.7456
59.1	1.206	1.8522	-34.8873
59.2	1.2081	1.8595	-35.0294
59.3	1.2103	1.8669	-35.172
59.4	1.2124	1.8744	-35.3149
59.5	1.2146	1.8819	-35.4582
59.6	1.2167	1.8894	-35.6019
59.7	1.2189	1.897	-35.7461
59.8	1.221	1.9046	-35.8906
59.9	1.2232	1.9123	-36.0355
60	1.2253	1.92	-36.1809
60.1	1.2275	1.9277	-36.3266
60.2	1.2296	1.9356	-36.4728
60.3	1.2317	1.9434	-36.6194
60.4	1.2339	1.9513	-36.7663
60.5	1.236	1.9593	-36.9137
60.6	1.2382	1.9673	-37.0615
60.7	1.2403	1.9753	-37.2097
60.8	1.2425	1.9834	-37.3583
60.9	1.2446	1.9916	-37.5073
61	1.2467	1.9998	-37.6567
61.1	1.2489	2.0081	-37.8066
61.2	1.251	2.0164	-37.9568
61.3	1.2532	2.0247	-38.1075
61.4	1.2553	2.0331	-38.2586
61.5	1.2574	2.0416	-38.4101
61.6	1.2596	2.0501	-38.562
61.7	1.2617	2.0587	-38.7143
61.8	1.2638	2.0674	-38.867
61.9	1.266	2.076	-39.0202
62	1.2681	2.0848	-39.1738
62.1	1.2702	2.0936	-39.3278
62.2	1.2724	2.1025	-39.4822
62.3	1.2745	2.1114	-39.637
62.4	1.2766	2.1204	-39.7922
62.5	1.2788	2.1294	-39.9479
62.6	1.2809	2.1385	-40.104
62.7	1.283	2.1477	-40.2605
62.8	1.2851	2.1569	-40.4174
62.9	1.2873	2.1662	-40.5748
63	1.2894	2.1756	-40.7326
63.1	1.2915	2.185	-40.8908
63.2	1.2937	2.1945	-41.0494
63.3	1.2958	2.204	-41.2085
63.4	1.2979	2.2136	-41.3679
63.5	1.3	2.2233	-41.5278
63.6	1.3021	2.2331	-41.6882
63.7	1.3043	2.2429	-41.8489
63.8	1.3064	2.2528	-42.0101
63.9	1.3085	2.2627	-42.1717
64	1.3106	2.2728	-42.3338
64.1	1.3127	2.2829	-42.4962
64.2	1.3149	2.2931	-42.6591
64.3	1.317	2.3033	-42.8225
64.4	1.3191	2.3136	-42.9862
64.5	1.3212	2.324	-43.1504
64.6	1.3233	2.3345	-43.3151
64.7	1.3254	2.3451	-43.4801
64.8	1.3275	2.3557	-43.6456
64.9	1.3296	2.3664	-43.8115
65	1.3318	2.3772	-43.9779
65.1	1.3339	2.3881	-44.1447
65.2	1.336	2.399	-44.3119
65.3	1.3381	2.4101	-44.4796
65.4	1.3402	2.4212	-44.6477
65.5	1.3423	2.4324	-44.8162
65.6	1.3444	2.4437	-44.9852
65.7	1.3465	2.4551	-45.1546
65.8	1.3486	2.4665	-45.3245
65.9	1.3507	2.4781	-45.4947
66	1.3528	2.4897	-45.6655
66.1	1.3549	2.5015	-45.8366
66.2	1.357	2.5133	-46.0082
66.3	1.3591	2.5252	-46.1803
66.4	1.3612	2.5373	-46.3528
66.5	1.3633	2.5494	-46.5257
66.6	1.3654	2.5616	-46.6991
66.7	1.3674	2.5739	-46.8729
66.8	1.3695	2.5863	-47.0472
66.9	1.3716	2.5989	-47.2219
67	1.3737	2.6115	-47.397
67.1	1.3758	2.6242	-47.5726
67.2	1.3779	2.637	-47.7486
67.3	1.38	2.65	-47.9251
67.4	1.382	2.663	-48.102
67.5	1.3841	2.6762	-48.2794
67.6	1.3862	2.6894	-48.4572
67.7	1.3883	2.7028	-48.6355
67.8	1.3904	2.7163	-48.8142
67.9	1.3924	2.7299	-48.9934
68	1.3945	2.7436	-49.173
68.1	1.3966	2.7575	-49.353
68.2	1.3987	2.7715	-49.5336
68.3	1.4007	2.7855	-49.7145
68.4	1.4028	2.7998	-49.8959
68.5	1.4049	2.8141	-50.0778
68.6	1.4069	2.8286	-50.2601
68.7	1.409	2.8432	-50.4428
68.8	1.4111	2.8579	-50.6261
68.9	1.4131	2.8728	-50.8097
69	1.4152	2.8878	-50.9938
69.1	1.4172	2.9029	-51.1784
69.2	1.4193	2.9182	-51.3634
69.3	1.4213	2.9336	-51.5489
69.4	1.4234	2.9491	-51.7348
69.5	1.4255	2.9648	-51.9212
69.6	1.4275	2.9807	-52.1081
69.7	1.4296	2.9967	-52.2954
69.8	1.4316	3.0128	-52.4831
69.9	1.4336	3.0291	-52.6713
70	1.4357	3.0456	-52.86
70.1	1.4377	3.0622	-53.0491
70.2	1.4398	3.079	-53.2387
70.3	1.4418	3.0959	-53.4287
70.4	1.4439	3.113	-53.6192
70.5	1.4459	3.1303	-53.8102
70.6	1.4479	3.1478	-54.0016
70.7	1.45	3.1654	-54.1935
70.8	1.452	3.1832	-54.3858
70.9	1.454	3.2012	-54.5786
71	1.456	3.2193	-54.7718
71.1	1.4581	3.2377	-54.9655
71.2	1.4601	3.2562	-55.1597
71.3	1.4621	3.2749	-55.3543
71.4	1.4641	3.2939	-55.5494
71.5	1.4662	3.313	-55.745
71.6	1.4682	3.3323	-55.941
71.7	1.4702	3.3518	-56.1375
71.8	1.4722	3.3715	-56.3344
71.9	1.4742	3.3915	-56.5318
72	1.4762	3.4116	-56.7297
72.1	1.4782	3.432	-56.928
72.2	1.4802	3.4526	-57.1268
72.3	1.4822	3.4734	-57.3261
72.4	1.4842	3.4945	-57.5258
72.5	1.4862	3.5157	-57.726
72.6	1.4882	3.5372	-57.9266
72.7	1.4902	3.559	-58.1278
72.8	1.4922	3.581	-58.3293
72.9	1.4942	3.6033	-58.5314
73	1.4962	3.6258	-58.7339
73.1	1.4982	3.6485	-58.9369
73.2	1.5002	3.6715	-59.1403
73.3	1.5022	3.6948	-59.3442
73.4	1.5041	3.7184	-59.5486
73.5	1.5061	3.7422	-59.7535
73.6	1.5081	3.7664	-59.9588
73.7	1.5101	3.7908	-60.1646
73.8	1.5121	3.8155	-60.3708
73.9	1.514	3.8405	-60.5776
74	1.516	3.8658	-60.7847
74.1	1.518	3.8914	-60.9924
74.2	1.5199	3.9174	-61.2005
74.3	1.5219	3.9436	-61.4091
74.4	1.5238	3.9702	-61.6182
74.5	1.5258	3.9971	-61.8277
74.6	1.5278	4.0244	-62.0377
74.7	1.5297	4.052	-62.2482
74.8	1.5317	4.08	-62.4592
74.9	1.5336	4.1083	-62.6706
75	1.5356	4.137	-62.8825
75.1	1.5375	4.1661	-63.0948
75.2	1.5394	4.1955	-63.3076
75.3	1.5414	4.2254	-63.5209
75.4	1.5433	4.2556	-63.7347
75.5	1.5452	4.2863	-63.949
75.6	1.5472	4.3173	-64.1637
75.7	1.5491	4.3488	-64.3789
75.8	1.551	4.3808	-64.5945
75.9	1.553	4.4131	-64.8106
76	1.5549	4.446	-65.0273
76.1	1.5568	4.4793	-65.2443
76.2	1.5587	4.513	-65.4619
76.3	1.5606	4.5473	-65.6799
76.4	1.5625	4.582	-65.8984
76.5	1.5644	4.6173	-66.1174
76.6	1.5664	4.653	-66.3368
76.7	1.5683	4.6893	-66.5567
76.8	1.5702	4.7261	-66.7771
76.9	1.5721	4.7635	-66.998
77	1.574	4.8015	-67.2193
77.1	1.5758	4.84	-67.4411
77.2	1.5777	4.8791	-67.6634
77.3	1.5796	4.9188	-67.8861
77.4	1.5815	4.9592	-68.1094
77.5	1.5834	5.0001	-68.3331
77.6	1.5853	5.0418	-68.5572
77.7	1.5871	5.0841	-68.7819
77.8	1.589	5.127	-69.007
77.9	1.5909	5.1707	-69.2326
78	1.5928	5.2151	-69.4587
78.1	1.5946	5.2602	-69.6852
78.2	1.5965	5.3061	-69.9123
78.3	1.5983	5.3528	-70.1398
78.4	1.6002	5.4002	-70.3677
78.5	1.6021	5.4485	-70.5962
78.6	1.6039	5.4976	-70.8251
78.7	1.6058	5.5475	-71.0545
78.8	1.6076	5.5984	-71.2844
78.9	1.6094	5.6501	-71.5147
79	1.6113	5.7028	-71.7455
79.1	1.6131	5.7564	-71.9768
79.2	1.615	5.811	-72.2086
79.3	1.6168	5.8666	-72.4408
79.4	1.6186	5.9232	-72.6736
79.5	1.6204	5.981	-72.9068
79.6	1.6223	6.0398	-73.1404
79.7	1.6241	6.0997	-73.3746
79.8	1.6259	6.1608	-73.6092
79.9	1.6277	6.2231	-73.8443
80	1.6295	6.2866	-74.0798
80.1	1.6313	6.3514	-74.3159
80.2	1.6331	6.4176	-74.5524
80.3	1.6349	6.485	-74.7894
80.4	1.6367	6.5539	-75.0269
80.5	1.6385	6.6242	-75.2648
80.6	1.6403	6.6959	-75.5032
80.7	1.6421	6.7692	-75.7421
80.8	1.6439	6.8441	-75.9815
80.9	1.6456	6.9206	-76.2213
81	1.6474	6.9988	-76.4616
81.1	1.6492	7.0788	-76.7024
81.2	1.651	7.1605	-76.9436
81.3	1.6527	7.2441	-77.1854
81.4	1.6545	7.3296	-77.4276
81.5	1.6562	7.4172	-77.6702
81.6	1.658	7.5068	-77.9134
81.7	1.6597	7.5985	-78.157
81.8	1.6615	7.6925	-78.4011
81.9	1.6632	7.7888	-78.6457
82	1.665	7.8874	-78.8907
82.1	1.6667	7.9886	-79.1362
82.2	1.6684	8.0923	-79.3822
82.3	1.6702	8.1987	-79.6287
82.4	1.6719	8.3079	-79.8756
82.5	1.6736	8.4199	-80.123
82.6	1.6753	8.535	-80.3709
82.7	1.6771	8.6532	-80.6192
82.8	1.6788	8.7747	-80.868
82.9	1.6805	8.8996	-81.1173
83	1.6822	9.028	-81.3671
83.1	1.6839	9.1602	-81.6173
83.2	1.6856	9.2962	-81.868
83.3	1.6873	9.4363	-82.1192
83.4	1.689	9.5805	-82.3708
83.5	1.6907	9.7292	-82.6229
83.6	1.6923	9.8825	-82.8755
83.7	1.694	10.0407	-83.1285
83.8	1.6957	10.204	-83.382
83.9	1.6974	10.3725	-83.636
84	1.699	10.5467	-83.8905
84.1	1.7007	10.7268	-84.1454
84.2	1.7023	10.913	-84.4008
84.3	1.704	11.1058	-84.6566
84.4	1.7057	11.3054	-84.913
84.5	1.7073	11.5123	-85.1697
84.6	1.7089	11.7268	-85.427
84.7	1.7106	11.9493	-85.6847
84.8	1.7122	12.1804	-85.9429
84.9	1.7138	12.4206	-86.2016
85	1.7155	12.6703	-86.4607
85.1	1.7171	12.9301	-86.7203
85.2	1.7187	13.2008	-86.9803
85.3	1.7203	13.483	-87.2408
85.4	1.7219	13.7774	-87.5018
85.5	1.7235	14.0849	-87.7632
85.6	1.7251	14.4063	-88.0251
85.7	1.7267	14.7426	-88.2875
85.8	1.7283	15.095	-88.5503
85.9	1.7299	15.4644	-88.8136
86	1.7315	15.8524	-89.0773
86.1	1.7331	16.2601	-89.3416
86.2	1.7347	16.6893	-89.6062
86.3	1.7362	17.1417	-89.8714
86.4	1.7378	17.6192	-90.1369
86.5	1.7394	18.1239	-90.403
86.6	1.7409	18.6583	-90.6695
86.7	1.7425	19.225	-90.9365
86.8	1.744	19.8271	-91.2039
86.9	1.7456	20.468	-91.4718
87	1.7471	21.1515	-91.7401
87.1	1.7486	21.8822	-92.0089
87.2	1.7502	22.665	-92.2782
87.3	1.7517	23.5058	-92.5479
87.4	1.7532	24.4112	-92.818
87.5	1.7547	25.3889	-93.0886
87.6	1.7562	26.4481	-93.3597
87.7	1.7577	27.5994	-93.6312
87.8	1.7592	28.8552	-93.9032
87.9	1.7607	30.2306	-94.1756
88	1.7622	31.7434	-94.4485
88.1	1.7637	33.4155	-94.7218
88.2	1.7652	35.2732	-94.9956
88.3	1.7667	37.3494	-95.2698
88.4	1.7682	39.6851	-95.5445
88.5	1.7696	42.3321	-95.8196
88.6	1.7711	45.3571	-96.0952
88.7	1.7726	48.8475	-96.3712
88.8	1.774	52.9195	-96.6477
88.9	1.7755	57.7317	-96.9246
89	1.7769	63.5062	-97.202
89.1	1.7783	70.5638	-97.4798
89.2	1.7798	79.3857	-97.7581
89.3	1.7812	90.7278	-98.0368
89.4	1.7826	105.8505	-98.3159
89.5	1.7841	131.675	-98.6451
89.6	1.7855	164.5953	-98.9152
89.7	1.7869	175.8975	-98.9841
89.8	1.7883	238.262	-99.2494
89.9	1.7883	238.262	-99.2494
90	1.7883	238.262	-99.2494

